8959802101
8959802104
8963757137
8965350338
8969867384
8969867391
8972980826
8972980829
8973099874
8974486667
8974527064
8974965658
8975233532
9014741670
9034188662
9147431599
9147431605
9148419416
9152075669
9152075670
9152075671
9152075672
9153262318
9154290413
9154290419
9154290425
9154307709
9154307715
9156295179
9168218775
9175824504
9175824510
9175897778
9180150518
9184257867
9184283356
9184440497
9184440504
9184752519
9184752525
9184752531
9184782973
9184782976
9184921689
9185243655
9185243657
9186949061
9187045746
9187094278
9187229919
9187229922
9187604948
9187738328
9187738330
9187738338
9187738344
9187738350
9189035693
9190515559
9191447973
9192571895
9192571901
9196029151
9205005345
9205005348
9205559824
9206339992
9206409676
9206409682
9206409688
9206409694
9206711672
9206711678
9206711684
9206711690
9206711696
9206750206
9206750231
9206750237
9206750249
9206750266
9206750272
9207044056
9207044062
9207299852
9207299858
9305020016
9317334852
9317478471
9351224715
9351224720
9351225749
9351225752
9351225755
9351225759
9359475375
9365200787
